71
910
167
616
503
430
477
343
960
701
424
590
197
150
125
140
953
541
880
650
32
519
725
758
20
214
463
641
702
1045
70
999
692
646
452
113
596
298
877
355
826
796
512
257
270
582
281
342
23
192
41
815
378
146
407
627
203
97
376
807
876
126
87
567
316
277
682
552
437
93
779
975
1029
290
1023
459
45
513
524
451
75
768
612
580
865
560
80
661
255
918
265
964
193
659
305
29
156
496
148
312
429
957
340
42
521
100
795
808
888
201
325
469
885
136
411
90
493
908
319
280
1024
162
384
423
419
160
47
188
937
235
1009
730
543
670
863
397
853
416
252
728
28
635
904
602
529
185
709
1004
494
275
973
522
55
69
747
801
241
771
720
392
95
633
1017
950
550
738
556
176
327
1042
415
332
1013
401
158
610
979
199
792
558
607
249
827
842
573
911
317
963
671
271
475
869
440
1016
361
905
932
878
739
432
189
287
851
1001
903
414
394
544
985
818
439
363
1005
474
919
652
791
620
33
17
946
454
476
1047
1008
468
841
470
731
761
786
117
282
462
909
690
40
640
930
30
453
369
473
465
134
377
505
756
292
446
350
654
379
672
833
491
353
647
538
91
219
421
765
412
655
329
89
179
511
621
840
198
674
111
405
114
370
480
713
130
178
240
239
444
323
385
254
941
864
665
324
780
668
57
24
579
991
868
719
742
1003
873
1
673
64
322
328
906
141
297
882
356
1039
12
645
734
479
658
395
400
1022
678
764
662
433
467
133
116
721
352
989
104
59
773
262
894
759
285
293
969
591
295
1036
554
1053
132
278
1035
760
367
313
675
584
157
601
206
812
717
196
1012
263
520
767
934
754
22
195
749
802
696
422
887
399
205
570
1007
159
732
816
530
608
1019
13
283
10
782
998
836
855
920
838
170
943
977
547
593
122
901
611
588
314
497
879
456
691
954
180
374
14
944
431
1057
123
829
835
958
1002
700
545
182
592
936
144
58
137
899
527
649
729
605
514
618
499
482
88
598
890
1020
51
425
357
495
892
279
897
302
250
828
481
341
631
19
56
586
705
907
752
163
264
362
309
600
959
310
284
772
387
874
686
74
952
445
211
559
996
929
1050
694
509
276
595
710
490
435
955
7
925
320
790
619
218
383
871
642
221
458
404
697
881
562
551
1010
226
485
348
403
708
724
438
154
213
174
307
572
599
624
202
615
531
464
533
501
820
537
145
391
549
373
34
110
506
553
715
359
243
266
823
484
443
27
825
478
94
217
638
366
173
636
743
1048
169
921
165
980
707
38
37
79
358
993
210
597
923
224
994
564
766
124
333
35
860
630
583
143
301
339
913
606
571
922
1025
648
389
656
409
372
926
39
398
216
3
247
727
947
15
870
653
1046
450
785
166
1052
787
393
634
575
408
48
72
172
753
740
664
811
859
516
365
248
99
1044
956
236
577
976
492
711
774
346
228
60